         R                                                          
     count        mean        std    min    25%    50%    75%    max
0  11278.0  308.815925  33.997681  249.0  279.0  312.0  337.0  364.0
1  11790.0  188.648685  35.052341  124.0  162.0  189.0  217.0  248.0
2  13475.0   58.344712  33.379751    0.0   34.0   52.0   85.0  123.0

        R                                                          
    count        mean        std    min    25%    50%    75%    max
0  7440.0  329.299866  20.965549  292.0  312.0  328.0  349.0  364.0
1  6583.0  254.849765  20.061439  220.0  238.0  253.0  272.0  291.0
2  7193.0  185.030585  19.577437  145.0  173.0  184.0  202.0  219.0
3  6966.0  105.269021  21.781087   71.0   85.0  103.5  125.0  144.0
4  8361.0   36.035522  18.659805    0.0   22.0   38.0   48.0   70.0

         F                                              
     count      mean       std  min  25%  50%  75%   max
0  28752.0  1.000000  0.000000  1.0  1.0  1.0  1.0   1.0
1   7157.0  2.205114  0.403813  2.0  2.0  2.0  2.0   3.0
2    634.0  4.608833  1.248690  4.0  4.0  4.0  5.0  23.0

         F                                              
     count      mean       std  min  25%  50%  75%   max
0  28752.0  1.000000  0.000000  1.0  1.0  1.0  1.0   1.0
1   5689.0  2.000000  0.000000  2.0  2.0  2.0  2.0   2.0
2   1468.0  3.000000  0.000000  3.0  3.0  3.0  3.0   3.0
3    555.0  4.272072  0.445428  4.0  4.0  4.0  5.0   5.0
4     79.0  6.974684  2.183708  6.0  6.0  6.0  7.0  23.0

         M                                                                                 
     count           mean           std       min       25%       50%        75%        max
0  27175.0   33978.338951  11349.029825       0.0   29050.0   36206.0   40596.00    60414.0
1   7778.0   86958.758807  19555.067764   60500.0   70900.0   79800.0  104800.00   135600.0
2   1590.0  184617.228302  68143.594702  135723.0  148534.5  163054.0  196649.75  1110697.0

         M                                                                                  
     count           mean            std       min       25%       50%        75%        max
0   6257.0   16817.829151    4849.706580       0.0   13900.0   15500.0   18500.00    28110.0
1  21236.0   39449.713270    7259.805412   28163.0   34692.5   38500.0   41900.00    62801.0
2   7150.0   86228.669091   17530.701462   62851.0   71700.0   79800.0  102495.25   123700.0
3   1744.0  161386.346904   28837.758438  123800.0  139200.0  152868.5  179554.75   246556.0
4    156.0  335204.737179  124143.256669  248654.0  261578.0  292867.0  355245.75  1110697.0
